mmdp.best.512 <- c(9704.133697, 2161.428803, 1383.071877, 2824.522648, 2586.627822, 1677.402785, 8954.842592, 2737.492593, 4102.425722, 3819.138757, 2205.214198, 5903.767756, 2164.285759, 3203.832491, 3021.623893, 1757.200946, 2465.399775, 3934.561086, 3356.205098, 6299.986771, 2373.460056, 4018.400742, 5081.340052, 2280.908803, 2181.173895, 3132.686768, 11540.348219, 2403.500925, 4112.389795, 2232.183146, 9704.133697, 2161.428803, 1383.071877, 2824.522648, 10456.516756, 1677.402785, 8954.842592, 2737.492593, 4102.425722, 3819.138757, 4400.263846, 5903.767756, 3775.659385, 3203.832491, 2122.666544, 10862.636779, 4234.222768, 6902.127818, 9748.60561, 2373.460056, 4018.400742, 6193.652012, 2280.908803, 2181.173895, 5607.495492, 2452.061903, 4112.389795, 7324.353902)
summary(mmdp.best.512)
summary(mmdp.512)
summary(mmdp.best.512)
quit()
ls()
mmdp.1024 <- c( 7340.635486, 6571.576407, 3909.704253, 7007.247627, 3863.250047, 3590.996287, 4971.695432, 5718.390691, 4129.601155, 3864.544319, 3891.926658, 11669.409048, 8868.206887, 3312.710085, 6796.678716, 5240.804176, 5025.459738, 6966.902271, 3432.057546, 7936.501488, 3141.006038, 4184.363871, 6348.085694, 6303.578724, 2893.999169, 5606.665247, 3444.314894, 5331.557856, 4570.213947)
summary(mmdp.1024)
summary(mmdp.512)
ls()
summary(mmdp.best.512)
quit()
mmdp.10 <- c(1561.569387, 1907.069709, 2216.747563, 2598.216161, 2303.217219, 2478.238529, 4643.600765, 4995.653329, 3645.6392, 1841.562284, 3463.813034, 1934.638577, 2905.27723, 3455.427922, 2622.322844, 3395.457038, 4240.448349, 2936.138509, 1889.171963, 4811.304997, 1310.408808, 2182.722455, 4930.905552, 2209.140414, 2367.818563, 2528.319699, 1832.123903, 3042.661069, 4731.874199, 1630.822547)
summary(mmdp.10)
quit()
source('/home/jmerelo/proyectos/CPAN/Algorithm-Evolutionary/examples/PPSN2014/MMDP-20-rr05-p1k.R')
source('/home/jmerelo/proyectos/CPAN/Algorithm-Evolutionary/examples/PPSN2014/MMDP-10-rr05-p1k.R')
boxplot(MMDP.20.rr05.p1k.times, mmdp.1024/1000)
boxplot(MMDP.10.rr05.p1k.times, mmdp.10/1000)
quit()
