t30.single.p512 <- c(1344.485138, 814.511847, 5320.149694, 1289.397354, 12873.936638, 2975.089486, 7331.253685, 23508.620685, 39663.283837, 4401.347617, 1222.871905, 7737.8611, 1517.370157, 1320.676824, 2191.554323, 9271.382388, 5468.79992, 2154.78057, 1225.342914, 2347.710266, 2800.753764, 2852.996487, 12153.715402, 922.186916, 6484.325944, 2350.88504, 15078.531129, 6184.248853, 1074.615991, 13753.016997)
t30.single.p256 <- c(29049.749315, 20146.761322, 24736.15594, 15393.395602, 13513.239546, 20433.644096, 16417.731333, 31645.775081, 26374.010614, 16839.162198, 44824.652748, 12009.495175, 593.963226, 37590.750252, 9670.24035, 26740.049454, 24258.157769, 37568.248387, 11298.648189, 15951.938274, 12953.522017, 6900.645673, 42917.184142, 28539.552758, 31528.524514)
t30.par.2.p256.g10 <- c(833.355189, 559.545395, 661.684347, 456.124796, 560.602837, 2327.317928, 1469.48433, 664.067076, 548.624173, 10114.174309, 20372.711975, 739.326154, 16797.344022, 13855.164449, 3078.644476, 8405.286164, 2191.994316, 851.134541, 558.90674, 5153.888268, 628.447912, 640.478781)
summary(t30.par.2.p256.g10)
summary(t30.single.p512)
summary(t30.single.p256)
t30.par.2.p128.g10 <- c(5703.277571, 14844.956002, 16572.700827, 15523.42123, 12935.934426, 10964.959752, 11955.324576, 2119.994907, 9715.668063, 13228.272214, 10168.07404, 17701.022299, 13415.362912)
t30.single.p128 <- c(    console.log( "Migration ");
    console.log( result );
t30.single.p128 <- c(5703.277571, 14844.956002, 16572.700827, 15523.42123, 12935.934426, 10964.959752, 11955.324576, 2119.994907, 9715.668063, 13228.272214, 10168.07404, 17701.022299, 13415.362912)
summary(t30.single.p128)
summary(t30.par.2.p128.g10)
t30.single.p128 <- c(18993.266526, 12731.197397, 40982.40895, 39501.117425, 37342.963952, 21091.348964, 19429.266601, 28056.22861, 34943.024036, 18271.198073, 27668.093895, 28567.190639, 15431.636312)
summary(t30.par.2.p128.g10)
summary(t30.single.p128)
quit()
summary(t30.asyn.2.p128-256.g10) <- c(661.230402, 831.731306, 3184.635884, 2010.465891, 20762.679608, 15109.750034, 531.134303, 16465.04184, 858.12732, 10508.896405, 9518.037006, 574.965821, 437.317842, 9990.126347, 587.885915, 22546.670473, 4420.311935, 497.684811, 10236.554975, 3798.663497)
t30.asyn.2.p128-256.g10 <- c(661.230402, 831.731306, 3184.635884, 2010.465891, 20762.679608, 15109.750034, 531.134303, 16465.04184, 858.12732, 10508.896405, 9518.037006, 574.965821, 437.317842, 9990.126347, 587.885915, 22546.670473, 4420.311935, 497.684811, 10236.554975, 3798.663497)
t30.asyn.2.p128.256.g10 <- c(661.230402, 831.731306, 3184.635884, 2010.465891, 20762.679608, 15109.750034, 531.134303, 16465.04184, 858.12732, 10508.896405, 9518.037006, 574.965821, 437.317842, 9990.126347, 587.885915, 22546.670473, 4420.311935, 497.684811, 10236.554975, 3798.663497)
summary(t30.asyn.2.p128.256.g10)
summary(t30.par.2.p128.g10)
summary(t30.par.2.p256.g10)
quit()
ls()
t50.single.p512 <- c(10385.091725, 34851.021418, 33879.603986, 66782.663355, 26950.527921, 34067.646828, 27809.187847, 61528.085933, 66764.184423)
t50.single.p1k <- c(9687.739451, 23758.988238, 6288.406948, 4674.625784, 28189.184093, 4478.107385, 28998.66726, 13339.481565, 35822.601088, 52961.467759, 38271.255314, 20940.716961, 24840.026559, 58344.586632, 6531.90424, 8509.065228, 42108.109483, 4467.375608, 19152.406554, 5516.74608, 62892.335101, 20815.635235, 34162.079005, 12565.749047, 48929.906535, 11207.514387, 4413.718153)
summary(t50.single.p1k)
t50.single.p2k <- c(8027.135736, 8008.103027, 6909.794976, 11213.696169, 8721.183376, 7091.674209, 15035.621376, 9643.620828, 9309.143337, 28240.048013, 7407.99101, 9060.722125, 7438.670506, 14113.704762, 6363.858798, 7779.815533, 11075.583786, 10487.694217, 10313.380012, 8555.758799, 9418.644506, 7658.893968, 28452.367876, 10788.433682, 8744.144892, 9359.227557, 8175.96292, 7329.769473, 6093.048632, 5768.904015)
summary(t50.single.p2k)
summary(t50.single.p1k)
quit()
ls
ls()
t40.single.p256 <- c(44987.723232, 51876.976172)
t40.single.p512 <- c(28426.658712, 40016.352166, 33517.328892, 2984.979781, 16616.435315, 3380.986599, 31875.087976, 11696.544253, 7273.715961, 19512.830483, 3973.462237, 2781.474014, 1697.096799, 2029.268865, 53856.967032, 1987.180937, 28054.037317, 2197.671554)
t40.single.p1k <- c(3401.79657, 2474.875344, 2857.791267, 8955.747876, 4212.74782, 4860.216618, 16022.506024, 2699.335436, 3284.053955, 28595.613033, 11380.381322, 4499.568152, 5337.128479, 3385.62439, 4453.317491, 3672.759749, 3818.797514, 2700.98294, 3854.112735, 2792.680033, 14807.785541, 5730.319817, 4666.086534, 2841.92883, 4020.809314, 3167.256201, 5366.966188, 3690.82397, 4683.087713, 30214.35602)
summary(t40.single.p512)
summary(t40.single.p1k)
quit()
